7.153861397317795578e-01
8.685636866470363149e-01
1.631929086648276295e+00
1.745629459587101806e+00
1.535507752626806610e+00
1.681146402265761175e+00
1.831347303172997654e+00
1.869466808839627125e+00
5.696508944376428296e-01
5.302337226782732893e-01
1.887420108179965750e-01
-1.022578819843633857e+00
-6.485969438363688999e-01
-1.159879390347334560e+00
-2.180046581534869521e+00
-2.250625755559174657e+00
-2.183333275319306210e+00
-1.961325234930673789e+00
-1.622410409564078115e+00
-1.302952269022712439e+00
-6.453099511201608740e-01
-6.622513079340734965e-01
3.902715014049899511e-01
6.411017358015134171e-01
1.625926423312714864e+00
1.886574487611829110e+00
1.693229067043566349e+00
1.905593383304680311e+00
1.424153571275709851e+00
1.831276507256744956e+00
1.053355447689781066e+00
9.802116493015397003e-01
2.669859627714861738e-01
2.929443150043842259e-01
-9.008220500966420685e-01
-9.067738152563653564e-01
-1.343424934927653691e+00
-1.697732660484028155e+00
-2.034114191364081670e+00
-1.640399671631148415e+00
